nv 0 0 0 0
0.00 93 5 145
30.00 93 5 145
30.00 106 0 179
30.04 106 0 179
30.04 117 0 211
30.08 117 0 211
30.08 122 0 233
30.12 122 0 233
30.12 120 0 244
30.16 120 0 244
30.16 112 0 249
30.20 112 0 249
30.20 102 0 249
30.24 102 0 249
30.24 92 0 249
30.28 92 0 249
30.28 79 0 249
30.32 79 0 249
30.32 64 0 249
30.36 64 0 249
30.36 43 0 249
30.39 43 0 249
30.39 15 0 249
30.43 15 0 249
30.43 0 0 246
30.47 0 0 246
30.47 0 0 243
30.51 0 0 243
30.51 0 0 239
30.55 0 0 239
30.55 0 0 234
30.59 0 0 234
30.59 0 0 231
30.63 0 0 231
30.63 0 0 228
30.67 0 0 228
30.67 0 0 223
30.71 0 0 223
30.71 0 0 217
30.75 0 0 217
30.75 0 0 211
30.79 0 0 211
30.79 0 0 206
30.83 0 0 206
30.83 0 0 201
30.87 0 0 201
30.87 0 0 194
30.91 0 0 194
30.91 0 0 188
30.95 0 0 188
30.95 0 0 182
30.99 0 0 182
30.99 0 0 174
31.03 0 0 174
31.03 0 0 168
31.07 0 0 168
31.07 0 0 161
31.11 0 0 161
31.11 0 2 155
31.15 0 2 155
31.15 0 8 148
31.19 0 8 148
31.19 0 17 138
31.22 0 17 138
31.22 2 25 129
31.26 2 25 129
31.26 5 34 121
31.30 5 34 121
31.30 8 43 115
31.34 8 43 115
31.34 11 51 111
31.38 11 51 111
31.38 14 59 108
31.42 14 59 108
31.42 18 67 107
31.46 18 67 107
31.46 21 76 107
31.50 21 76 107
31.50 23 83 107
31.54 23 83 107
31.54 26 90 109
31.58 26 90 109
31.58 28 96 110
31.62 28 96 110
31.62 29 99 113
31.66 29 99 113
31.66 28 98 114
31.70 28 98 114
31.70 28 98 118
31.74 28 98 118
31.74 27 97 123
31.78 27 97 123
31.78 27 97 130
31.82 27 97 130
31.82 27 99 140
31.86 27 99 140
31.86 27 102 147
31.90 27 102 147
31.90 28 105 154
31.94 28 105 154
31.94 30 110 158
31.98 30 110 158
31.98 32 115 160
32.02 32 115 160
32.02 34 120 162
32.05 34 120 162
32.05 36 126 163
32.09 36 126 163
32.09 38 130 162
32.13 38 130 162
32.13 39 134 162
32.17 39 134 162
32.17 40 137 164
32.21 40 137 164
32.21 42 142 165
32.25 42 142 165
32.25 45 148 166
32.29 45 148 166
32.29 46 153 168
32.33 46 153 168
32.33 48 158 168
32.37 48 158 168
32.37 50 163 169
32.41 50 163 169
32.41 52 168 172
32.45 52 168 172
32.45 54 174 176
32.49 54 174 176
32.49 55 178 179
32.53 55 178 179
32.53 57 183 184
32.57 57 183 184
32.57 59 188 189
32.61 59 188 189
32.61 60 193 194
32.65 60 193 194
32.65 62 197 198
32.69 62 197 198
32.69 63 201 202
32.73 63 201 202
32.73 64 205 206
32.77 64 205 206
32.77 66 210 211
32.81 66 210 211
32.81 67 213 214
32.85 67 213 214
32.85 69 216 218
32.89 69 216 218
32.89 70 219 221
32.92 70 219 221
32.92 71 222 224
32.96 71 222 224
32.96 72 225 227
33.00 72 225 227
33.00 72 227 229
33.04 72 227 229
33.04 73 230 232
33.08 73 230 232
33.08 74 233 235
33.12 74 233 235
33.12 75 235 235
33.16 75 235 235
33.16 76 236 236
33.20 76 236 236
33.20 76 237 232
33.24 76 237 232
33.24 76 237 226
33.28 76 237 226
33.28 77 237 220
33.32 77 237 220
33.32 76 235 212
33.36 76 235 212
33.36 76 235 205
33.40 76 235 205
33.40 76 233 196
33.44 76 233 196
33.44 76 231 183
33.48 76 231 183
33.48 77 231 167
33.52 77 231 167
33.52 76 230 149
33.56 76 230 149
33.56 76 228 132
33.60 76 228 132
33.60 76 227 115
33.64 76 227 115
33.64 76 225 104
33.68 76 225 104
33.68 75 223 97
33.72 75 223 97
33.72 74 220 96
33.75 74 220 96
33.75 73 217 96
33.79 73 217 96
33.79 72 214 98
33.83 72 214 98
33.83 71 212 102
33.87 71 212 102
33.87 69 207 104
33.91 69 207 104
33.91 68 203 106
33.95 68 203 106
33.95 65 198 105
33.99 65 198 105
33.99 63 192 103
34.03 63 192 103
34.03 62 187 100
34.07 62 187 100
34.07 60 183 94
34.11 60 183 94
34.11 59 180 85
34.15 59 180 85
34.15 59 178 75
34.19 59 178 75
34.19 57 174 67
34.23 57 174 67
34.23 57 172 64
34.27 57 172 64
34.27 55 168 64
34.31 55 168 64
34.31 53 162 65
34.35 53 162 65
34.35 52 158 67
34.39 52 158 67
34.39 49 152 68
34.43 49 152 68
34.43 48 147 69
34.47 48 147 69
34.47 45 141 69
34.51 45 141 69
34.51 44 138 70
34.55 44 138 70
34.55 43 134 70
34.58 43 134 70
34.58 42 132 66
34.62 42 132 66
34.62 43 134 60
34.66 43 134 60
34.66 44 137 49
34.70 44 137 49
34.70 46 140 37
34.74 46 140 37
34.74 45 139 20
34.78 45 139 20
34.78 45 138 10
34.82 45 138 10
34.82 45 138 0
34.86 45 138 0
34.86 47 139 0
34.90 47 139 0
34.90 51 141 0
34.94 51 141 0
34.94 59 146 0
34.98 59 146 0
34.98 67 151 0
35.02 67 151 0
35.02 71 156 0
35.06 71 156 0
35.06 74 161 0
35.10 74 161 0
35.10 77 166 0
35.14 77 166 0
35.14 80 172 0
35.18 80 172 0
35.18 84 177 0
35.22 84 177 0
35.22 89 182 0
35.26 89 182 0
35.26 94 187 0
35.30 94 187 0
35.30 98 192 0
35.34 98 192 0
35.34 104 197 0
35.38 104 197 0
35.38 106 199 0
35.41 106 199 0
35.41 111 201 0
35.45 111 201 0
35.45 118 204 0
35.49 118 204 0
35.49 124 206 0
35.53 124 206 0
35.53 131 210 0
35.57 131 210 0
35.57 138 211 0
35.61 138 211 0
35.61 145 214 0
35.65 145 214 0
35.65 152 218 0
35.69 152 218 0
35.69 160 220 0
35.73 160 220 0
35.73 168 223 0
35.77 168 223 0
35.77 176 226 0
35.81 176 226 0
35.81 185 228 0
35.85 185 228 0
35.85 192 229 0
35.89 192 229 0
35.89 199 230 0
35.93 199 230 0
35.93 209 231 0
35.97 209 231 0
35.97 217 230 0
36.01 217 230 0
36.01 225 230 0
36.05 225 230 0
36.05 228 228 0
36.09 228 228 0
36.09 227 225 0
36.13 227 225 0
36.13 225 222 0
36.17 225 222 0
36.17 225 218 0
36.21 225 218 0
36.21 224 212 0
36.24 224 212 0
36.24 223 206 0
36.28 223 206 0
36.28 223 199 0
36.32 223 199 0
36.32 222 192 0
36.36 222 192 0
36.36 222 186 0
36.40 222 186 0
36.40 222 181 0
36.44 222 181 0
36.44 221 175 0
36.48 221 175 0
36.48 221 167 0
36.52 221 167 0
36.52 221 161 0
36.56 221 161 0
36.56 220 153 0
36.60 220 153 0
36.60 220 145 0
36.64 220 145 0
36.64 219 137 0
36.68 219 137 0
36.68 218 129 0
36.72 218 129 0
36.72 218 121 0
36.76 218 121 0
36.76 217 113 0
36.80 217 113 0
36.80 218 106 0
36.84 218 106 0
36.84 218 98 0
36.88 218 98 0
36.88 217 92 0
36.92 217 92 0
36.92 217 87 0
36.96 217 87 0
36.96 216 81 0
37.00 216 81 0
37.00 216 74 0
37.04 216 74 0
37.04 216 68 0
37.07 216 68 0
37.07 216 60 0
37.11 216 60 0
37.11 214 52 0
37.15 214 52 0
37.15 213 44 0
37.19 213 44 0
37.19 211 37 0
37.23 211 37 0
37.23 208 30 0
37.27 208 30 0
37.27 205 25 0
37.31 205 25 0
37.31 202 24 0
37.35 202 24 0
37.35 197 22 0
37.39 197 22 0
37.39 193 22 0
37.43 193 22 0
37.43 189 21 0
37.47 189 21 0
37.47 183 21 0
37.51 183 21 0
37.51 175 19 0
37.55 175 19 0
37.55 169 19 0
37.59 169 19 0
37.59 161 18 0
37.63 161 18 0
37.63 153 17 0
37.67 153 17 0
37.67 146 17 1
37.71 146 17 1
37.71 137 15 1
37.75 137 15 1
37.75 129 14 2
37.79 129 14 2
37.79 122 14 3
37.83 122 14 3
37.83 116 14 4
37.87 116 14 4
37.87 111 13 4
37.91 111 13 4
37.91 105 12 4
37.94 105 12 4
37.94 100 12 5
37.98 100 12 5
37.98 104 17 10
38.02 104 17 10
38.02 108 22 17
38.06 108 22 17
38.06 110 25 20
38.10 110 25 20
38.10 111 28 24
38.14 111 28 24
38.14 114 32 28
38.18 114 32 28
38.18 115 36 31
38.22 115 36 31
38.22 116 39 36
38.26 116 39 36
38.26 119 43 40
38.30 119 43 40
38.30 121 47 44
38.34 121 47 44
38.34 123 51 48
38.38 123 51 48
38.38 124 54 52
38.42 124 54 52
38.42 126 57 55
38.46 126 57 55
38.46 128 61 59
38.50 128 61 59
38.50 130 65 62
38.54 130 65 62
38.54 132 68 66
38.58 132 68 66
38.58 134 72 69
38.62 134 72 69
38.62 136 76 73
38.66 136 76 73
38.66 138 80 77
38.70 138 80 77
38.70 139 83 82
38.74 139 83 82
38.74 142 86 85
38.77 142 86 85
38.77 144 90 90
38.81 144 90 90
38.81 145 94 92
38.85 145 94 92
38.85 147 98 97
38.89 147 98 97
38.89 148 100 99
38.93 148 100 99
38.93 151 105 104
38.97 151 105 104
38.97 153 107 108
39.01 153 107 108
39.01 155 113 110
39.05 155 113 110
39.05 157 115 115
39.09 157 115 115
39.09 159 120 119
39.13 159 120 119
39.13 161 123 122
39.17 161 123 122
39.17 162 126 125
39.21 162 126 125
39.21 165 130 129
39.25 165 130 129
39.25 167 134 134
39.29 167 134 134
39.29 167 138 136
39.33 167 138 136
39.33 171 141 141
39.37 171 141 141
39.37 173 146 145
39.41 173 146 145
39.41 174 149 148
39.45 174 149 148
39.45 176 153 153
39.49 176 153 153
39.49 179 156 156
39.53 179 156 156
39.53 181 160 159
39.57 181 160 159
39.57 181 163 162
39.60 181 163 162
39.60 184 168 167
39.64 184 168 167
39.64 186 170 171
39.68 186 170 171
39.68 188 174 173
39.72 188 174 173
39.72 190 178 178
39.76 190 178 178
39.76 192 182 182
39.80 192 182 182
39.80 194 185 185
39.84 194 185 185
39.84 197 189 189
39.88 197 189 189
39.88 199 193 194
39.92 199 193 194
39.92 200 197 197
39.96 200 197 197
39.96 202 200 201
40.00 202 200 201
40.00 204 204 204
100.00 204 204 204
