nv 0 0 0 0
-5.00 0 0 255
-4.96 2 2 255
-4.92 4 4 255
-4.88 6 6 255
-4.84 8 8 255
-4.80 10 10 255
-4.76 12 12 255
-4.72 14 14 255
-4.69 16 16 255
-4.65 18 18 255
-4.61 20 20 255
-4.57 22 22 255
-4.53 24 24 255
-4.49 26 26 255
-4.45 28 28 255
-4.41 30 30 255
-4.37 32 32 255
-4.33 34 34 255
-4.29 36 36 255
-4.25 38 38 255
-4.21 40 40 255
-4.17 42 42 255
-4.13 44 44 255
-4.09 46 46 255
-4.06 48 48 255
-4.02 50 50 255
-3.98 52 52 255
-3.94 54 54 255
-3.90 56 56 255
-3.86 58 58 255
-3.82 60 60 255
-3.78 62 62 255
-3.74 64 64 255
-3.70 66 66 255
-3.66 68 68 255
-3.62 70 70 255
-3.58 72 72 255
-3.54 74 74 255
-3.50 76 76 255
-3.46 78 78 255
-3.43 80 80 255
-3.39 82 82 255
-3.35 84 84 255
-3.31 86 86 255
-3.27 88 88 255
-3.23 90 90 255
-3.19 92 92 255
-3.15 94 94 255
-3.11 96 96 255
-3.07 98 98 255
-3.03 100 100 255
-2.99 102 102 255
-2.95 104 104 255
-2.91 106 106 255
-2.87 108 108 255
-2.83 110 110 255
-2.80 112 112 255
-2.76 114 114 255
-2.72 116 116 255
-2.68 118 118 255
-2.64 120 120 255
-2.60 122 122 255
-2.56 124 124 255
-2.52 126 126 255
-2.48 129 129 255
-2.44 131 131 255
-2.40 133 133 255
-2.36 135 135 255
-2.32 137 137 255
-2.28 139 139 255
-2.24 141 141 255
-2.20 143 143 255
-2.17 145 145 255
-2.13 147 147 255
-2.09 149 149 255
-2.05 151 151 255
-2.01 153 153 255
-1.97 155 155 255
-1.93 157 157 255
-1.89 159 159 255
-1.85 161 161 255
-1.81 163 163 255
-1.77 165 165 255
-1.73 167 167 255
-1.69 169 169 255
-1.65 171 171 255
-1.61 173 173 255
-1.57 175 175 255
-1.54 177 177 255
-1.50 179 179 255
-1.46 181 181 255
-1.42 183 183 255
-1.38 185 185 255
-1.34 187 187 255
-1.30 189 189 255
-1.26 191 191 255
-1.22 193 193 255
-1.18 195 195 255
-1.14 197 197 255
-1.10 199 199 255
-1.06 201 201 255
-1.02 203 203 255
-0.98 205 205 255
-0.94 207 207 255
-0.91 209 209 255
-0.87 211 211 255
-0.83 213 213 255
-0.79 215 215 255
-0.75 217 217 255
-0.71 219 219 255
-0.67 221 221 255
-0.63 223 223 255
-0.59 225 225 255
-0.55 227 227 255
-0.51 229 229 255
-0.47 231 231 255
-0.43 233 233 255
-0.39 235 235 255
-0.35 237 237 255
-0.31 239 239 255
-0.28 241 241 255
-0.24 243 243 255
-0.20 245 245 255
-0.16 247 247 255
-0.12 249 249 255
-0.08 251 251 255
-0.04 253 253 255
0.00 255 255 255
0.04 255 253 253
0.08 255 251 251
0.12 255 249 249
0.16 255 247 247
0.20 255 245 245
0.24 255 243 243
0.28 255 241 241
0.31 255 239 239
0.35 255 237 237
0.39 255 235 235
0.43 255 233 233
0.47 255 231 231
0.51 255 229 229
0.55 255 227 227
0.59 255 225 225
0.63 255 223 223
0.67 255 221 221
0.71 255 219 219
0.75 255 217 217
0.79 255 215 215
0.83 255 213 213
0.87 255 211 211
0.91 255 209 209
0.94 255 207 207
0.98 255 205 205
1.02 255 203 203
1.06 255 201 201
1.10 255 199 199
1.14 255 197 197
1.18 255 195 195
1.22 255 193 193
1.26 255 191 191
1.30 255 189 189
1.34 255 187 187
1.38 255 185 185
1.42 255 183 183
1.46 255 181 181
1.50 255 179 179
1.54 255 177 177
1.57 255 175 175
1.61 255 173 173
1.65 255 171 171
1.69 255 169 169
1.73 255 167 167
1.77 255 165 165
1.81 255 163 163
1.85 255 161 161
1.89 255 159 159
1.93 255 157 157
1.97 255 155 155
2.01 255 153 153
2.05 255 151 151
2.09 255 149 149
2.13 255 147 147
2.17 255 145 145
2.20 255 143 143
2.24 255 141 141
2.28 255 139 139
2.32 255 137 137
2.36 255 135 135
2.40 255 133 133
2.44 255 131 131
2.48 255 129 129
2.52 255 126 126
2.56 255 124 124
2.60 255 122 122
2.64 255 120 120
2.68 255 118 118
2.72 255 116 116
2.76 255 114 114
2.80 255 112 112
2.83 255 110 110
2.87 255 108 108
2.91 255 106 106
2.95 255 104 104
2.99 255 102 102
3.03 255 100 100
3.07 255 98 98
3.11 255 96 96
3.15 255 94 94
3.19 255 92 92
3.23 255 90 90
3.27 255 88 88
3.31 255 86 86
3.35 255 84 84
3.39 255 82 82
3.43 255 80 80
3.46 255 78 78
3.50 255 76 76
3.54 255 74 74
3.58 255 72 72
3.62 255 70 70
3.66 255 68 68
3.70 255 66 66
3.74 255 64 64
3.78 255 62 62
3.82 255 60 60
3.86 255 58 58
3.90 255 56 56
3.94 255 54 54
3.98 255 52 52
4.02 255 50 50
4.06 255 48 48
4.09 255 46 46
4.13 255 44 44
4.17 255 42 42
4.21 255 40 40
4.25 255 38 38
4.29 255 36 36
4.33 255 34 34
4.37 255 32 32
4.41 255 30 30
4.45 255 28 28
4.49 255 26 26
4.53 255 24 24
4.57 255 22 22
4.61 255 20 20
4.65 255 18 18
4.69 255 16 16
4.72 255 14 14
4.76 255 12 12
4.80 255 10 10
4.84 255 8 8
4.88 255 6 6
4.92 255 4 4
4.96 255 2 2
5.00 255 0 0
