nv 0 0 0 0
-120.00 0 0 4
-119.06 1 0 5
-118.11 1 1 6
-117.17 1 1 7
-116.22 1 1 8
-115.28 2 1 10
-114.33 2 2 12
-113.39 2 2 14
-112.44 3 2 15
-111.50 3 3 17
-110.55 4 3 19
-109.61 4 4 21
-108.66 5 4 22
-107.72 6 5 24
-106.77 6 5 26
-105.83 7 6 28
-104.88 8 6 29
-103.94 9 7 31
-102.99 10 8 33
-102.05 11 8 35
-101.10 11 9 37
-100.16 12 9 39
-99.21 13 10 40
-98.27 14 11 42
-97.32 15 11 44
-96.38 16 12 46
-95.43 17 12 48
-94.49 18 13 50
-93.54 19 13 52
-92.60 20 14 54
-91.65 21 14 56
-90.71 22 15 58
-89.76 23 15 60
-88.82 24 15 62
-87.87 25 16 64
-86.93 26 16 66
-85.98 28 16 68
-85.04 29 17 70
-84.09 30 17 72
-83.15 31 17 75
-82.20 32 17 77
-81.26 33 17 79
-80.31 35 17 81
-79.37 36 18 83
-78.43 37 18 85
-77.48 39 18 87
-76.54 40 17 89
-75.59 41 17 91
-74.65 43 17 93
-73.70 44 17 95
-72.76 46 17 97
-71.81 47 17 99
-70.87 49 16 101
-69.92 50 16 102
-68.98 51 16 104
-68.03 53 15 106
-67.09 54 15 107
-66.14 56 14 109
-65.20 57 14 110
-64.25 59 13 111
-63.31 60 13 113
-62.36 62 12 114
-61.42 63 11 115
-60.47 65 11 116
-59.53 66 10 117
-58.58 68 9 118
-57.64 69 8 119
-56.69 71 8 119
-55.75 72 7 120
-54.80 73 6 121
-53.86 75 5 121
-52.91 76 4 122
-51.97 78 3 123
-51.02 79 3 123
-50.08 80 2 124
-49.13 82 1 124
-48.19 83 0 125
-47.24 85 0 125
-46.30 86 0 125
-45.35 87 0 126
-44.41 89 0 126
-43.46 90 0 126
-42.52 91 0 127
-41.57 93 0 127
-40.63 94 0 127
-39.69 95 1 127
-38.74 97 1 128
-37.80 98 1 128
-36.85 99 2 128
-35.91 101 2 128
-34.96 102 3 128
-34.02 103 3 128
-33.07 105 4 129
-32.13 106 4 129
-31.18 107 5 129
-30.24 109 5 129
-29.29 110 6 129
-28.35 111 6 129
-27.40 113 6 129
-26.46 114 7 129
-25.51 115 7 129
-24.57 117 8 129
-23.62 118 8 129
-22.68 119 9 129
-21.73 121 9 130
-20.79 122 10 130
-19.84 124 10 130
-18.90 125 10 130
-17.95 126 11 130
-17.01 128 11 130
-16.06 129 12 129
-15.12 130 12 129
-14.17 132 13 129
-13.23 133 13 129
-12.28 134 13 129
-11.34 136 14 129
-10.39 137 14 129
-9.45 139 15 129
-8.50 140 15 129
-7.56 141 16 129
-6.61 143 16 129
-5.67 144 17 129
-4.72 145 17 129
-3.78 147 17 128
-2.83 148 18 128
-1.89 150 18 128
-0.94 151 19 128
0.00 152 19 128
0.94 154 20 127
1.89 155 20 127
2.83 157 21 127
3.78 158 21 127
4.72 159 22 127
5.67 161 22 126
6.61 162 23 126
7.56 164 23 126
8.50 165 24 125
9.45 166 24 125
10.39 168 25 125
11.34 169 26 124
12.28 171 26 124
13.23 172 27 124
14.17 174 27 123
15.12 175 28 123
16.06 176 29 123
17.01 178 29 122
17.95 179 30 122
18.90 181 31 121
19.84 182 31 121
20.79 183 32 120
21.73 185 33 120
22.68 186 34 119
23.62 188 34 118
24.57 189 35 118
25.51 190 36 117
26.46 192 37 116
27.40 193 37 116
28.35 195 38 115
29.29 196 39 114
30.24 197 40 113
31.18 199 41 112
32.13 200 42 111
33.07 202 43 110
34.02 203 44 109
34.96 204 45 108
35.91 206 46 107
36.85 207 47 106
37.80 208 48 105
38.74 210 49 104
39.69 211 51 102
40.63 212 52 101
41.57 214 53 100
42.52 215 54 98
43.46 216 56 97
44.41 217 57 95
45.35 219 58 93
46.30 220 60 92
47.24 221 61 90
48.19 222 63 88
49.13 223 64 86
50.08 225 66 84
51.02 226 67 82
51.97 227 69 80
52.91 228 70 78
53.86 229 72 76
54.80 230 74 73
55.75 231 76 71
56.69 232 77 69
57.64 233 79 66
58.58 234 81 64
59.53 235 83 61
60.47 236 85 58
61.42 237 87 56
62.36 237 89 53
63.31 238 91 50
64.25 239 93 47
65.20 240 95 44
66.14 241 98 41
67.09 241 100 38
68.03 242 102 35
68.98 243 104 32
69.92 243 107 29
70.87 244 109 25
71.81 244 112 22
72.76 245 114 19
73.70 245 117 15
74.65 246 119 12
75.59 246 122 9
76.54 247 125 5
77.48 247 127 2
78.43 248 130 0
79.37 248 133 0
80.31 249 136 0
81.26 249 139 0
82.20 249 141 0
83.15 250 144 0
84.09 250 147 0
85.04 250 150 0
85.98 250 153 0
86.93 251 157 0
87.87 251 160 1
88.82 251 163 4
89.76 251 166 8
90.71 252 169 13
91.65 252 172 18
92.60 252 175 24
93.54 252 178 30
94.49 252 181 37
95.43 253 184 43
96.38 253 187 50
97.32 253 190 57
98.27 253 193 64
99.21 253 196 70
100.16 253 199 77
101.10 253 202 84
102.05 254 205 90
102.99 254 207 96
103.94 254 210 103
104.88 254 213 109
105.83 254 216 116
106.77 254 219 122
107.72 254 221 128
108.66 254 224 135
109.61 254 227 141
110.55 254 229 148
111.50 254 232 154
112.44 254 234 161
113.39 254 237 167
114.33 254 239 174
115.28 254 242 181
116.22 254 244 187
117.17 254 247 194
118.11 254 249 201
119.06 254 251 208
120.00 254 253 214